1111100101000100000000000000000000000000001100010000010110001011
0000000000000000000000000000000000000000000101101010110100100111

0010100010000000000000000000000000000110001000001011000101101110
0000000000000000000000000000000000000000000101101010010011111111

1111100101000100000000000000000000000000001100010000010110001011
0000000000000000000000000000000000000000000101100000010100100111

0000000000000000000000000000000000000000000101101010110100100111111110010100010000000000000000000000000000110001000001011000101101110011010010100111
000000000000000000000000000000000000000000010110-----1010010011111111001010001000000000000000000000000000011000100000101100010110111001101001011010100111
0000000000000000000000000000000000000000000101100000010100100111111110010100010000000000000000000000000000110001000001011000101101110011010010100111



00000000000000000000000000000000000000000001011010101101001001111111100101000100000000000000000000000000001100010000010110001011
00000000000000000000000000000000000000101101010110100100111111110101100101000100000000000000000000000000001100010000010110001011
00000000000000000000000000000000000000000001011010101101001001111111100101000100000000000000000000000000001100010000010110001011